1000,2183.15,
65.4827,2183.15,1000,
104.472,2183.15,1000,
40.1379,2183.15,1000,
42.4216,2183.15,1000,
12.8817,2183.15,1000,
9.9922,2183.15,1000,
23.5523,2183.15,1000,
2.05425,2183.15,1000,
94.108,2183.15,1000,
---
1000,2907.14,
4.61906,2907.14,1000,
47.6161,2907.14,1000,
9.11343,2907.14,1000,
1.99571,2907.14,1000,
17.238,2907.14,1000,
23.6865,2907.14,1000,
7.48967,2907.14,1000,
9.24099,2907.14,1000,
162.206,2907.14,1000,
---
1000,1654.77,
48.9593,1654.77,1000,
65.8085,1654.77,1000,
477.295,1654.77,1000,
---
1000,1877.55,
26.1599,1877.55,1000,
28.1854,1877.55,1000,
248.848,1877.55,1000,
57.3197,1877.55,1000,
6.54263,1877.55,1000,
433.402,1877.55,1000,
---
